,Pump,Actual,Forecasted,Pct_Error
0,1,5817897.0,5818048.751162552,0.26083507932896505
1,1,5821355.0,5821579.381921706,0.3854462091828962
2,1,5824983.0,5825109.892281567,0.21784146248451974
3,1,5828440.0,5828640.282246241,0.34362924940695283
4,2,4933159.0,4933266.662539465,0.2182425895158719
5,2,4936084.0,4936203.305288468,0.2417002799538181
6,2,4939190.0,4939139.92824714,0.10137644605737141
7,2,4942127.0,4942076.531415616,0.10211915716418839
8,3,3725175.0,3725245.7326095733,0.18987727978762348
9,3,3727290.0,3727383.4447962902,0.25070438922179017
10,3,3729551.0,3729521.136560346,0.0800724796470141
11,3,3731669.0,3731658.807901935,0.0273124386563057
12,4,2222446.0,2222473.622156262,0.12428718745891737
13,4,2223610.0,2223639.2340678265,0.13147120145408514
14,4,2224858.0,2224804.8357347837,0.23895576803700824
15,4,2226000.0,2225970.4271572237,0.1328519441882736
16,5,2460929.0,2460959.284402706,0.1230608550925064
17,5,2462185.0,2462219.568392269,0.14039721738556474
18,5,2463404.0,2463479.851968688,0.30791526151601206
19,5,2464795.0,2464740.1351319635,0.22259404143740677
20,6,1494554.0,1494587.9067815202,0.22686889547135022
21,6,1495392.0,1495423.7431656697,0.21227320775910216
22,6,1496198.0,1496259.5091583773,0.41110306508431915
23,6,1497122.0,1497095.2047655708,0.17897829588493355
24,7,436480.0,436531.49879813916,1.1798661597131712
25,7,436624.0,436680.93276539294,1.3039311946419765
26,7,436777.0,436830.3019298756,1.2203465355461993
27,7,436966.0,436979.60631968925,0.3113816564503894
28,8,223281.0,223282.99206935996,0.08921804183768778
29,8,223281.0,223284.9826209641,0.1783681085308965
30,8,223281.0,223286.97165596875,0.26745025186877935
31,8,223281.0,223288.95917552945,0.35646452360268926
32,9,1531940.0,1531957.1536733005,0.11197353225661309
33,9,1532577.0,1532604.2647836807,0.17790155849051514
34,9,1533209.0,1533251.33333394,0.2761093493451472
35,9,1533922.0,1533898.3593268779,0.15411913462441978
36,10,515642.0,515632.07647152856,0.19244996473207668
37,10,515922.0,515890.7231677655,0.606231799274345
38,10,516205.0,516148.94080165395,1.0859871242248176
39,10,516509.0,516406.73008495447,1.9800219366076885
40,11,555368.0,555387.3371865157,0.34818690518143847
41,11,555524.0,555555.6388070968,0.5695308770953443
42,11,555686.0,555723.9048692576,0.6821274831035669
43,11,555863.0,555892.1353805109,0.5241467863653325
44,12,722699.0,722720.2725262906,0.29434835651657126
45,12,722945.0,722979.5191126856,0.4774790984871446
46,12,723197.0,723238.7397617802,0.5771561798548522
47,12,723466.0,723497.9344761696,0.44140949498167337
48,13,109091.0,109096.67204599734,0.5199371164755989
49,13,109091.0,109102.34320786325,1.0397931876366326
50,13,109091.0,109108.01348573553,1.5595682261166992
51,13,109092.0,109113.68287975198,1.9875774348242516
52,14,518499.0,518616.5525786878,2.267170788907679
53,14,518607.0,518807.07653842727,3.857960621959735
54,14,518769.0,518997.5718835167,4.40604360547136
55,14,518979.0,519188.03861825366,4.027882019381524
56,15,250837.0,250867.23447224314,1.2053434000225012
57,15,250919.0,250963.40970561726,1.7698821379513452
58,15,251003.0,251059.5257365879,2.251994461735831
59,15,251104.0,251155.5826015982,2.054232572886215
60,16,21820.0,21815.956813649373,1.852972662982294
61,16,21831.0,21820.49931226571,4.809989342810401
62,16,21836.0,21824.662126351333,5.192285056176302
63,16,21844.0,21828.476991819676,7.106302957482061
64,17,434190.0,434191.2406729845,0.0285744255857972
65,17,434304.0,434266.40271863865,0.8656904233290044
66,17,434401.0,434341.4862191288,1.3700194260872645
67,17,434490.0,434416.49125653564,1.6918397078037395
68,18,108375.0,108375.00072486444,6.688483872567975e-05
69,18,108375.0,108375.00144812014,0.00013362123516002603
70,18,108375.0,108375.00216977065,0.0002002095182736715
71,18,108375.0,108375.00288981956,0.0002666500170372487
72,19,41596.0,41596.0,0.0
73,19,41596.0,41596.0,0.0
74,19,41596.0,41596.0,0.0
75,19,41596.0,41596.0,0.0
76,20,124369.0,124369.46550662055,0.037429473626470956
77,20,124369.0,124369.93054423947,0.0748212367606777
78,20,124374.0,124370.3951133293,0.2898424647192147
79,20,124374.0,124370.85921436208,0.25252750879788527
80,21,215772.0,215768.1825410232,0.17692096179243588
81,21,215808.0,215792.36345737596,0.7245580619827462
82,21,215854.0,215816.54274916742,1.7353049205750197
83,21,215879.0,215840.72041650672,1.7731962577775853
84,22,68986.0,68986.21466218878,0.031116775690791472
85,22,68986.0,68986.42817969038,0.06206762102187575
86,22,68986.0,68986.64055860887,0.09285342081956209
87,22,68986.0,68986.85180501573,0.12347505518931982
88,23,846975.0,846934.234529081,0.48130666098723646
89,23,847210.0,847123.4541719373,1.02153926491297
90,23,847478.0,847312.6589297397,1.9509777275666211
91,23,847748.0,847501.8488036592,2.9035892310072975
92,24,131259.0,130887.28040477283,28.319551057616792
93,24,131619.0,130882.94502042407,55.92315543925488
94,24,132011.0,130880.14789398773,85.66347546888312
95,24,132374.0,130878.3432290096,112.98720073355832
96,25,233325.0,233335.49755445498,0.44991125918703884
97,25,233376.0,233360.9808422667,0.6435605089341904
98,25,233441.0,233386.44987141778,2.3367843944390536
99,25,233500.0,233411.90464988636,3.77282013334643
100,26,435951.0,435951.0076617576,0.00017574813644800127
101,26,435951.0,435951.0153220608,0.0003514629118848893
102,26,435951.0,435951.0229809099,0.0005271443329866048
103,26,435951.0,435951.03063830524,0.0007027924064290886
104,27,514942.0,515048.84567929455,2.0749070632139306
105,27,515245.0,515442.65407396137,3.836118234264673
106,27,515546.0,515836.42518753017,5.633351583179206
107,27,515866.0,516230.15902353026,7.059178614800304
108,28,34514.0,34506.24147852259,2.2479345997010105
109,28,34541.0,34541.31653292055,0.09163976739273717
110,28,34564.0,34576.22594911406,3.5371916196208733
111,28,34635.0,34610.970509311876,6.93792137667807
112,29,11164.0,11163.999999999998,1.6293348294033108e-12
113,29,11164.0,11163.999999999998,1.6293348294033108e-12
114,29,11164.0,11163.999999999998,1.6293348294033108e-12
115,29,11164.0,11163.999999999998,1.6293348294033108e-12
116,30,2047874.0,2047941.8617732576,0.33137670216824594
117,30,2049196.0,2049320.704104974,0.6085513780718613
118,30,2050516.0,2050699.526995423,0.8950283510248983
119,30,2051827.0,2052078.330444879,1.224910505997331
120,31,3033939.0,3034057.263827403,0.389802917603406
121,31,3035954.0,3036177.5200749976,0.7362432862868242
122,31,3037979.0,3038297.76874281,1.049278954232414
123,31,3040000.0,3040418.009830868,1.3750323383811567
124,32,694173.0,692223.5030835036,28.083732967090736
125,32,696099.0,692092.3440869222,57.55870807281379
126,32,698100.0,691964.4401703691,87.88941168358242
127,32,700000.0,691839.7105498624,116.57556357339492
128,33,1958124.0,1958166.1344163893,0.2151774677664901
129,33,1959407.0,1959463.2497765678,0.2870755109469248
130,33,1960739.0,1960760.3460808157,0.1088675280884013
131,33,1962022.0,1962057.4233294125,0.18054501637836629
132,34,51588.0,51586.780195445295,0.23645122018778617
133,34,51598.0,51590.537349822225,1.446306092828167
134,34,51601.0,51594.271603570836,1.3039275264362504
135,34,52601.0,51597.98309627517,190.68399911120076
136,35,460.0,460.0041348835275,0.08988877233723938
137,35,460.0,460.00799238249,0.17374744543451964
138,35,460.0,460.01159110495615,0.25198054252507024
139,35,460.0,460.0149484106909,0.3249654498026065
140,36,796420.0,796420.0,0.0
141,36,796420.0,796420.0,0.0
142,36,796420.0,796420.0,0.0
143,36,796420.0,796420.0,0.0
144,37,418.0,418.0,0.0
145,37,418.0,418.0,0.0
146,37,418.0,418.0,0.0
147,37,418.0,418.0,0.0
148,38,1668768.0,1668748.5051386908,0.11682187883027335
149,38,1670430.0,1670449.0010777425,0.1137496198137525
150,38,1672146.0,1672149.4878172048,0.020858329385054834
151,38,1673886.0,1673849.9653571271,0.21527537044258835
152,39,837648.0,837662.1773718885,0.16925214276805878
153,39,838202.0,838220.3468514759,0.21888341325702002
154,39,838785.0,838778.5084388737,0.0773924322241477
155,39,839347.0,839336.6621341935,0.12316557760418462
156,40,17578.0,17597.155946729115,10.89768274497405
157,40,17626.0,17651.121474642114,14.252510292813886
158,40,17660.0,17704.89725327443,25.42313322447911
159,40,17690.0,17758.483949807338,38.713369026194414
160,41,2929.0,2929.0,0.0
161,41,2929.0,2929.0,0.0
162,41,2929.0,2929.0,0.0
163,41,2929.0,2929.0,0.0
164,42,85786.0,85786.16599342795,0.019349710668998217
165,42,85786.0,85786.33165080882,0.03866024862067911
166,42,85786.0,85786.49697282295,0.057931693160656716
167,42,85786.0,85786.66196014926,0.07716412343000359
168,43,24566.0,24566.0,0.0
169,43,24566.0,24566.0,0.0
170,43,24566.0,24566.0,0.0
171,43,24566.0,24566.0,0.0
172,44,51205.0,51225.232401067624,3.9512549687772425
173,44,51336.0,51323.943822656984,2.3484839767446464
174,44,51446.0,51422.13699995955,4.638455864489344
175,44,51528.0,51519.81465380677,1.5885239468314845
176,45,2566.0,2566.0020723493008,0.008076185895404653
177,45,2566.0,2566.0040880850534,0.015931742218838685
178,45,2566.0,2566.0060487538576,0.023572696249464575
179,45,2566.0,2566.0079558600614,0.03100491060572533
180,101,652529.0,652596.0826624533,1.0280410901782582
181,101,653865.0,653972.148585229,1.6386958352098357
182,101,655394.0,655348.1977685306,0.6988503323104033
183,101,656565.0,656724.2302125618,2.4252010472959444
184,102,1449524.0,1449652.5901854457,0.8871200852537342
185,102,1452566.0,1452806.177796299,1.6534725189705917
186,102,1456060.0,1455959.7628325622,0.6884137153537195
187,102,1458808.0,1459113.3452942371,2.0931150243016003
188,103,1130341.0,1130410.2572274983,0.6127109208490137
189,103,1132968.0,1133076.5000539452,0.9576621223655948
190,103,1135926.0,1135742.7284794184,1.6134107378611113
191,103,1138359.0,1138408.9425039955,0.4387236714911105
192,104,1026040.0,1026036.5667296477,0.03346136946230655
193,104,1028521.0,1028472.1205390703,0.475240281235484
194,104,1031289.0,1030907.6614283366,3.6976887338405025
195,104,1033596.0,1033343.189397515,2.4459324773409477
196,105,304367.0,304388.8044892447,0.7163880855909783
197,105,305024.0,305044.3894418176,0.6684536894667775
198,105,305777.0,305699.75493121054,2.5261896345853274
199,105,306373.0,306354.90103089093,0.5907494821366558
200,106,53260.0,53260.21436416788,0.04024862333414336
201,106,53260.0,53260.42858840122,0.08047097281648939
202,106,53260.0,53260.64267279137,0.12066706559731442
203,106,53260.0,53260.85661742962,0.160836918817332
204,107,578379.0,578450.3770587401,1.2340880070010007
205,107,579618.0,579725.7037142046,1.8581844284443008
206,107,581003.0,581000.9799683853,0.03476800661433322
207,107,582198.0,582276.2058232742,1.3432856738465762
