,datetime,Pump,Validation,Forecast,Error,Abs_Error,Pct_Error
0,2026-04-06 19:00:00,1,5817897.0,5818048.751162552,-151.75116255227476,151.75116255227476,0.0026083507932896503
1,2026-04-06 21:00:00,1,5821355.0,5821579.381921706,-224.38192170578986,224.38192170578986,0.003854462091828962
2,2026-04-06 23:00:00,1,5824983.0,5825109.892281567,-126.89228156674653,126.89228156674653,0.0021784146248451973
3,2026-04-07 01:00:00,1,5828440.0,5828640.282246241,-200.282246241346,200.282246241346,0.0034362924940695284
4,2026-04-06 19:00:00,2,4933159.0,4933266.662539465,-107.66253946535289,107.66253946535289,0.002182425895158719
5,2026-04-06 21:00:00,2,4936084.0,4936203.305288468,-119.30528846755624,119.30528846755624,0.002417002799538181
6,2026-04-06 23:00:00,2,4939190.0,4939139.92824714,50.071752860210836,50.071752860210836,0.001013764460573714
7,2026-04-07 01:00:00,2,4942127.0,4942076.531415616,50.46858438383788,50.46858438383788,0.0010211915716418839
8,2026-04-06 19:00:00,3,3725175.0,3725245.7326095733,-70.73260957328603,70.73260957328603,0.0018987727978762347
9,2026-04-06 21:00:00,3,3727290.0,3727383.4447962902,-93.44479629024863,93.44479629024863,0.0025070438922179016
10,2026-04-06 23:00:00,3,3729551.0,3729521.136560346,29.863439654000103,29.863439654000103,0.000800724796470141
11,2026-04-07 01:00:00,3,3731669.0,3731658.807901935,10.192098064813763,10.192098064813763,0.000273124386563057
12,2026-04-06 19:00:00,4,2222446.0,2222473.622156262,-27.622156261932105,27.622156261932105,0.0012428718745891736
13,2026-04-06 21:00:00,4,2223610.0,2223639.2340678265,-29.234067826531827,29.234067826531827,0.0013147120145408514
14,2026-04-06 23:00:00,4,2224858.0,2224804.8357347837,53.164265216328204,53.164265216328204,0.0023895576803700824
15,2026-04-07 01:00:00,4,2226000.0,2225970.4271572237,29.5728427763097,29.5728427763097,0.001328519441882736
16,2026-04-06 19:00:00,5,2460929.0,2460959.284402706,-30.28440270619467,30.28440270619467,0.001230608550925064
17,2026-04-06 21:00:00,5,2462185.0,2462219.568392269,-34.568392268847674,34.568392268847674,0.0014039721738556474
18,2026-04-06 23:00:00,5,2463404.0,2463479.851968688,-75.85196868795902,75.85196868795902,0.0030791526151601207
19,2026-04-07 01:00:00,5,2464795.0,2464740.1351319635,54.86486803647131,54.86486803647131,0.0022259404143740676
20,2026-04-06 19:00:00,6,1494554.0,1494587.9067815202,-33.90678152022883,33.90678152022883,0.0022686889547135023
21,2026-04-06 21:00:00,6,1495392.0,1495423.7431656697,-31.743165669729933,31.743165669729933,0.0021227320775910217
22,2026-04-06 23:00:00,6,1496198.0,1496259.5091583773,-61.50915837730281,61.50915837730281,0.004111030650843192
23,2026-04-07 01:00:00,6,1497122.0,1497095.2047655708,26.795234429184347,26.795234429184347,0.0017897829588493354
24,2026-04-06 19:00:00,7,436480.0,436531.49879813916,-51.4987981391605,51.4987981391605,0.011798661597131712
25,2026-04-06 21:00:00,7,436624.0,436680.93276539294,-56.932765392935835,56.932765392935835,0.013039311946419765
26,2026-04-06 23:00:00,7,436777.0,436830.3019298756,-53.30192987562623,53.30192987562623,0.012203465355461993
27,2026-04-07 01:00:00,7,436966.0,436979.60631968925,-13.606319689250086,13.606319689250086,0.003113816564503894
28,2026-04-06 19:00:00,8,223281.0,223282.99206935996,-1.9920693599560764,1.9920693599560764,0.0008921804183768778
29,2026-04-06 21:00:00,8,223281.0,223284.9826209641,-3.98262096408871,3.98262096408871,0.0017836810853089648
30,2026-04-06 23:00:00,8,223281.0,223286.97165596875,-5.971655968751293,5.971655968751293,0.0026745025186877937
31,2026-04-07 01:00:00,8,223281.0,223288.95917552945,-7.959175529453205,7.959175529453205,0.0035646452360268924
32,2026-04-06 19:00:00,9,1531940.0,1531957.1536733005,-17.153673300519586,17.153673300519586,0.0011197353225661309
33,2026-04-06 21:00:00,9,1532577.0,1532604.2647836807,-27.264783680671826,27.264783680671826,0.0017790155849051515
34,2026-04-06 23:00:00,9,1533209.0,1533251.33333394,-42.33333394001238,42.33333394001238,0.002761093493451472
35,2026-04-07 01:00:00,9,1533922.0,1533898.3593268779,23.640673122135922,23.640673122135922,0.0015411913462441977
36,2026-04-06 19:00:00,10,515642.0,515632.07647152856,9.923528471437749,9.923528471437749,0.0019244996473207667
37,2026-04-06 21:00:00,10,515922.0,515890.7231677655,31.276832234521862,31.276832234521862,0.00606231799274345
38,2026-04-06 23:00:00,10,516205.0,516148.94080165395,56.0591983460472,56.0591983460472,0.010859871242248176
39,2026-04-07 01:00:00,10,516509.0,516406.73008495447,102.26991504553007,102.26991504553007,0.019800219366076885
40,2026-04-06 19:00:00,11,555368.0,555387.3371865157,-19.337186515680514,19.337186515680514,0.0034818690518143847
41,2026-04-06 21:00:00,11,555524.0,555555.6388070968,-31.638807096751407,31.638807096751407,0.005695308770953443
42,2026-04-06 23:00:00,11,555686.0,555723.9048692576,-37.90486925758887,37.90486925758887,0.006821274831035669
43,2026-04-07 01:00:00,11,555863.0,555892.1353805109,-29.135380510939285,29.135380510939285,0.005241467863653326
44,2026-04-06 19:00:00,12,722699.0,722720.2725262906,-21.272526290616952,21.272526290616952,0.0029434835651657126
45,2026-04-06 21:00:00,12,722945.0,722979.5191126856,-34.519112685578875,34.519112685578875,0.004774790984871446
46,2026-04-06 23:00:00,12,723197.0,723238.7397617802,-41.739761780248955,41.739761780248955,0.005771561798548522
47,2026-04-07 01:00:00,12,723466.0,723497.9344761696,-31.93447616964113,31.93447616964113,0.004414094949816733
48,2026-04-06 19:00:00,13,109091.0,109096.67204599734,-5.672045997343957,5.672045997343957,0.00519937116475599
49,2026-04-06 21:00:00,13,109091.0,109102.34320786325,-11.34320786324679,11.34320786324679,0.010397931876366326
50,2026-04-06 23:00:00,13,109091.0,109108.01348573553,-17.013485735529684,17.013485735529684,0.015595682261166992
51,2026-04-07 01:00:00,13,109092.0,109113.68287975198,-21.68287975198473,21.68287975198473,0.019875774348242517
52,2026-04-06 19:00:00,14,518499.0,518616.5525786878,-117.55257868778426,117.55257868778426,0.02267170788907679
53,2026-04-06 21:00:00,14,518607.0,518807.07653842727,-200.07653842726722,200.07653842726722,0.03857960621959735
54,2026-04-06 23:00:00,14,518769.0,518997.5718835167,-228.5718835166772,228.5718835166772,0.044060436054713596
55,2026-04-07 01:00:00,14,518979.0,519188.03861825366,-209.0386182536604,209.0386182536604,0.04027882019381524
56,2026-04-06 19:00:00,15,250837.0,250867.23447224314,-30.23447224314441,30.23447224314441,0.012053434000225011
57,2026-04-06 21:00:00,15,250919.0,250963.40970561726,-44.40970561726135,44.40970561726135,0.017698821379513452
58,2026-04-06 23:00:00,15,251003.0,251059.5257365879,-56.525736587907886,56.525736587907886,0.02251994461735831
59,2026-04-07 01:00:00,15,251104.0,251155.5826015982,-51.58260159820202,51.58260159820202,0.02054232572886215
60,2026-04-06 19:00:00,16,21820.0,21815.956813649373,4.043186350627366,4.043186350627366,0.01852972662982294
61,2026-04-06 21:00:00,16,21831.0,21820.49931226571,10.500687734289386,10.500687734289386,0.04809989342810401
62,2026-04-06 23:00:00,16,21836.0,21824.662126351333,11.337873648666573,11.337873648666573,0.05192285056176302
63,2026-04-07 01:00:00,16,21844.0,21828.476991819676,15.523008180323814,15.523008180323814,0.07106302957482061
64,2026-04-06 19:00:00,17,434190.0,434191.2406729845,-1.2406729845097288,1.2406729845097288,0.000285744255857972
65,2026-04-06 21:00:00,17,434304.0,434266.40271863865,37.597281361347996,37.597281361347996,0.008656904233290044
66,2026-04-06 23:00:00,17,434401.0,434341.4862191288,59.51378087117337,59.51378087117337,0.013700194260872644
67,2026-04-07 01:00:00,17,434490.0,434416.49125653564,73.50874346436467,73.50874346436467,0.016918397078037394
68,2026-04-06 19:00:00,18,108375.0,108375.00072486444,-0.0007248644396895543,0.0007248644396895543,6.688483872567974e-07
69,2026-04-06 21:00:00,18,108375.0,108375.00144812014,-0.0014481201360467821,0.0014481201360467821,1.3362123516002603e-06
70,2026-04-06 23:00:00,18,108375.0,108375.00216977065,-0.0021697706542909145,0.0021697706542909145,2.002095182736715e-06
71,2026-04-07 01:00:00,18,108375.0,108375.00288981956,-0.0028898195596411824,0.0028898195596411824,2.6665001703724868e-06
72,2026-04-06 19:00:00,19,41596.0,41596.0,0.0,0.0,0.0
73,2026-04-06 21:00:00,19,41596.0,41596.0,0.0,0.0,0.0
74,2026-04-06 23:00:00,19,41596.0,41596.0,0.0,0.0,0.0
75,2026-04-07 01:00:00,19,41596.0,41596.0,0.0,0.0,0.0
76,2026-04-06 19:00:00,20,124369.0,124369.46550662055,-0.46550662054505665,0.46550662054505665,0.0003742947362647096
77,2026-04-06 21:00:00,20,124369.0,124369.93054423947,-0.9305442394688725,0.9305442394688725,0.000748212367606777
78,2026-04-06 23:00:00,20,124374.0,124370.3951133293,3.604886670698761,3.604886670698761,0.0028984246471921472
79,2026-04-07 01:00:00,20,124374.0,124370.85921436208,3.140785637922818,3.140785637922818,0.0025252750879788525
80,2026-04-06 19:00:00,21,215772.0,215768.1825410232,3.817458976787748,3.817458976787748,0.001769209617924359
81,2026-04-06 21:00:00,21,215808.0,215792.36345737596,15.636542624037247,15.636542624037247,0.007245580619827462
82,2026-04-06 23:00:00,21,215854.0,215816.54274916742,37.45725083258003,37.45725083258003,0.017353049205750197
83,2026-04-07 01:00:00,21,215879.0,215840.72041650672,38.27958349327673,38.27958349327673,0.017731962577775852
84,2026-04-06 19:00:00,22,68986.0,68986.21466218878,-0.21466218878049403,0.21466218878049403,0.0003111677569079147
85,2026-04-06 21:00:00,22,68986.0,68986.42817969038,-0.42817969038151205,0.42817969038151205,0.0006206762102187575
86,2026-04-06 23:00:00,22,68986.0,68986.64055860887,-0.640558608865831,0.640558608865831,0.000928534208195621
87,2026-04-07 01:00:00,22,68986.0,68986.85180501573,-0.8518050157290418,0.8518050157290418,0.0012347505518931982
88,2026-04-06 19:00:00,23,846975.0,846934.234529081,40.76547091896646,40.76547091896646,0.004813066609872365
89,2026-04-06 21:00:00,23,847210.0,847123.4541719373,86.54582806269173,86.54582806269173,0.0102153926491297
90,2026-04-06 23:00:00,23,847478.0,847312.6589297397,165.3410702602705,165.3410702602705,0.01950977727566621
91,2026-04-07 01:00:00,23,847748.0,847501.8488036592,246.15119634079747,246.15119634079747,0.029035892310072975
92,2026-04-06 19:00:00,24,131259.0,130887.28040477283,371.71959522717225,371.71959522717225,0.28319551057616793
93,2026-04-06 21:00:00,24,131619.0,130882.94502042407,736.0549795759289,736.0549795759289,0.5592315543925488
94,2026-04-06 23:00:00,24,132011.0,130880.14789398773,1130.852106012273,1130.852106012273,0.8566347546888312
95,2026-04-07 01:00:00,24,132374.0,130878.3432290096,1495.6567709904048,1495.6567709904048,1.1298720073355832
96,2026-04-06 19:00:00,25,233325.0,233335.49755445498,-10.497554454981582,10.497554454981582,0.004499112591870388
97,2026-04-06 21:00:00,25,233376.0,233360.9808422667,15.019157733302563,15.019157733302563,0.006435605089341904
98,2026-04-06 23:00:00,25,233441.0,233386.44987141778,54.550128582224716,54.550128582224716,0.023367843944390537
99,2026-04-07 01:00:00,25,233500.0,233411.90464988636,88.09535011363914,88.09535011363914,0.0377282013334643
100,2026-04-06 19:00:00,26,435951.0,435951.0076617576,-0.0076617575832642615,0.0076617575832642615,1.7574813644800128e-06
101,2026-04-06 21:00:00,26,435951.0,435951.0153220608,-0.015322060789912939,0.015322060789912939,3.514629118848893e-06
102,2026-04-06 23:00:00,26,435951.0,435951.0229809099,-0.022980909910984337,0.022980909910984337,5.271443329866048e-06
103,2026-04-07 01:00:00,26,435951.0,435951.03063830524,-0.03063830523751676,0.03063830523751676,7.027924064290886e-06
104,2026-04-06 19:00:00,27,514942.0,515048.84567929455,-106.84567929455079,106.84567929455079,0.020749070632139308
105,2026-04-06 21:00:00,27,515245.0,515442.65407396137,-197.65407396137016,197.65407396137016,0.03836118234264673
106,2026-04-06 23:00:00,27,515546.0,515836.42518753017,-290.42518753017066,290.42518753017066,0.05633351583179205
107,2026-04-07 01:00:00,27,515866.0,516230.15902353026,-364.1590235302574,364.1590235302574,0.07059178614800304
108,2026-04-06 19:00:00,28,34514.0,34506.24147852259,7.758521477408067,7.758521477408067,0.022479345997010104
109,2026-04-06 21:00:00,28,34541.0,34541.31653292055,-0.3165329205512535,0.3165329205512535,0.0009163976739273717
110,2026-04-06 23:00:00,28,34564.0,34576.22594911406,-12.225949114057585,12.225949114057585,0.03537191619620873
111,2026-04-07 01:00:00,28,34635.0,34610.970509311876,24.029490688124497,24.029490688124497,0.0693792137667807
112,2026-04-06 19:00:00,29,11164.0,11163.999999999998,1.8189894035458565e-12,1.8189894035458565e-12,1.629334829403311e-14
113,2026-04-06 21:00:00,29,11164.0,11163.999999999998,1.8189894035458565e-12,1.8189894035458565e-12,1.629334829403311e-14
114,2026-04-06 23:00:00,29,11164.0,11163.999999999998,1.8189894035458565e-12,1.8189894035458565e-12,1.629334829403311e-14
115,2026-04-07 01:00:00,29,11164.0,11163.999999999998,1.8189894035458565e-12,1.8189894035458565e-12,1.629334829403311e-14
116,2026-04-06 19:00:00,30,2047874.0,2047941.8617732576,-67.86177325760946,67.86177325760946,0.0033137670216824597
117,2026-04-06 21:00:00,30,2049196.0,2049320.704104974,-124.70410497393459,124.70410497393459,0.006085513780718613
118,2026-04-06 23:00:00,30,2050516.0,2050699.526995423,-183.52699542301707,183.52699542301707,0.008950283510248984
119,2026-04-07 01:00:00,30,2051827.0,2052078.330444879,-251.33044487889856,251.33044487889856,0.01224910505997331
120,2026-04-06 19:00:00,31,3033939.0,3034057.263827403,-118.263827403076,118.263827403076,0.00389802917603406
121,2026-04-06 21:00:00,31,3035954.0,3036177.5200749976,-223.52007499756292,223.52007499756292,0.0073624328628682425
122,2026-04-06 23:00:00,31,3037979.0,3038297.76874281,-318.76874281000346,318.76874281000346,0.01049278954232414
123,2026-04-07 01:00:00,31,3040000.0,3040418.009830868,-418.00983086787164,418.00983086787164,0.013750323383811568
124,2026-04-06 19:00:00,32,694173.0,692223.5030835036,1949.4969164964277,1949.4969164964277,0.28083732967090735
125,2026-04-06 21:00:00,32,696099.0,692092.3440869222,4006.6559130777605,4006.6559130777605,0.5755870807281379
126,2026-04-06 23:00:00,32,698100.0,691964.4401703691,6135.559829630889,6135.559829630889,0.8788941168358242
127,2026-04-07 01:00:00,32,700000.0,691839.7105498624,8160.289450137643,8160.289450137643,1.1657556357339491
128,2026-04-06 19:00:00,33,1958124.0,1958166.1344163893,-42.13441638927907,42.13441638927907,0.002151774677664901
129,2026-04-06 21:00:00,33,1959407.0,1959463.2497765678,-56.24977656779811,56.24977656779811,0.002870755109469248
130,2026-04-06 23:00:00,33,1960739.0,1960760.3460808157,-21.346080815652385,21.346080815652385,0.001088675280884013
131,2026-04-07 01:00:00,33,1962022.0,1962057.4233294125,-35.4233294124715,35.4233294124715,0.001805450163783663
132,2026-04-06 19:00:00,34,51588.0,51586.780195445295,1.2198045547047514,1.2198045547047514,0.0023645122018778617
133,2026-04-06 21:00:00,34,51598.0,51590.537349822225,7.462650177774776,7.462650177774776,0.01446306092828167
134,2026-04-06 23:00:00,34,51601.0,51594.271603570836,6.728396429163695,6.728396429163695,0.013039275264362504
135,2026-04-07 01:00:00,34,52601.0,51597.98309627517,1003.016903724827,1003.016903724827,1.9068399911120075
136,2026-04-06 19:00:00,35,460.0,460.0041348835275,-0.004134883527513011,0.004134883527513011,0.0008988877233723938
137,2026-04-06 21:00:00,35,460.0,460.00799238249,-0.007992382489987904,0.007992382489987904,0.0017374744543451964
138,2026-04-06 23:00:00,35,460.0,460.01159110495615,-0.011591104956153231,0.011591104956153231,0.0025198054252507022
139,2026-04-07 01:00:00,35,460.0,460.0149484106909,-0.0149484106909199,0.0149484106909199,0.003249654498026065
140,2026-04-06 19:00:00,36,796420.0,796420.0,0.0,0.0,0.0
141,2026-04-06 21:00:00,36,796420.0,796420.0,0.0,0.0,0.0
142,2026-04-06 23:00:00,36,796420.0,796420.0,0.0,0.0,0.0
143,2026-04-07 01:00:00,36,796420.0,796420.0,0.0,0.0,0.0
144,2026-04-06 19:00:00,37,418.0,418.0,0.0,0.0,0.0
145,2026-04-06 21:00:00,37,418.0,418.0,0.0,0.0,0.0
146,2026-04-06 23:00:00,37,418.0,418.0,0.0,0.0,0.0
147,2026-04-07 01:00:00,37,418.0,418.0,0.0,0.0,0.0
148,2026-04-06 19:00:00,38,1668768.0,1668748.5051386908,19.49486130918376,19.49486130918376,0.0011682187883027336
149,2026-04-06 21:00:00,38,1670430.0,1670449.0010777425,-19.00107774254866,19.00107774254866,0.001137496198137525
150,2026-04-06 23:00:00,38,1672146.0,1672149.4878172048,-3.48781720479019,3.48781720479019,0.00020858329385054834
151,2026-04-07 01:00:00,38,1673886.0,1673849.9653571271,36.03464287286624,36.03464287286624,0.0021527537044258834
152,2026-04-06 19:00:00,39,837648.0,837662.1773718885,-14.177371888537891,14.177371888537891,0.0016925214276805878
153,2026-04-06 21:00:00,39,838202.0,838220.3468514759,-18.34685147588607,18.34685147588607,0.0021888341325702002
154,2026-04-06 23:00:00,39,838785.0,838778.5084388737,6.491561126313172,6.491561126313172,0.0007739243222414769
155,2026-04-07 01:00:00,39,839347.0,839336.6621341935,10.337865806533955,10.337865806533955,0.0012316557760418461
156,2026-04-06 01:00:00,40,17578.0,17597.155946729115,-19.155946729115385,19.155946729115385,0.1089768274497405
157,2026-04-06 03:00:00,40,17626.0,17651.121474642114,-25.121474642113753,25.121474642113753,0.14252510292813886
158,2026-04-06 05:00:00,40,17660.0,17704.89725327443,-44.89725327443011,44.89725327443011,0.2542313322447911
159,2026-04-06 06:35:00,40,17690.0,17758.483949807338,-68.48394980733792,68.48394980733792,0.38713369026194416
160,2026-04-06 19:00:00,41,2929.0,2929.0,0.0,0.0,0.0
161,2026-04-06 21:00:00,41,2929.0,2929.0,0.0,0.0,0.0
162,2026-04-06 23:00:00,41,2929.0,2929.0,0.0,0.0,0.0
163,2026-04-07 01:00:00,41,2929.0,2929.0,0.0,0.0,0.0
164,2026-04-06 01:00:00,42,85786.0,85786.16599342795,-0.1659934279450681,0.1659934279450681,0.00019349710668998217
165,2026-04-06 03:00:00,42,85786.0,85786.33165080882,-0.33165080881735776,0.33165080881735776,0.0003866024862067911
166,2026-04-06 05:00:00,42,85786.0,85786.49697282295,-0.4969728229480097,0.4969728229480097,0.0005793169316065671
167,2026-04-06 06:35:00,42,85786.0,85786.66196014926,-0.6619601492566289,0.6619601492566289,0.000771641234300036
168,2026-04-06 01:00:00,43,24566.0,24566.0,0.0,0.0,0.0
169,2026-04-06 03:00:00,43,24566.0,24566.0,0.0,0.0,0.0
170,2026-04-06 05:00:00,43,24566.0,24566.0,0.0,0.0,0.0
171,2026-04-06 06:35:00,43,24566.0,24566.0,0.0,0.0,0.0
172,2026-04-06 01:00:00,44,51205.0,51225.232401067624,-20.23240106762387,20.23240106762387,0.03951254968777242
173,2026-04-06 03:00:00,44,51336.0,51323.943822656984,12.056177343016316,12.056177343016316,0.023484839767446464
174,2026-04-06 05:00:00,44,51446.0,51422.13699995955,23.86300004045188,23.86300004045188,0.04638455864489344
175,2026-04-06 06:35:00,44,51528.0,51519.81465380677,8.185346193233272,8.185346193233272,0.015885239468314844
176,2026-04-06 01:00:00,45,2566.0,2566.0020723493008,-0.002072349300760834,0.002072349300760834,8.076185895404653e-05
177,2026-04-06 03:00:00,45,2566.0,2566.0040880850534,-0.004088085053354007,0.004088085053354007,0.00015931742218838686
178,2026-04-06 05:00:00,45,2566.0,2566.0060487538576,-0.00604875385761261,0.00604875385761261,0.00023572696249464574
179,2026-04-06 06:35:00,45,2566.0,2566.0079558600614,-0.00795586006142912,0.00795586006142912,0.0003100491060572533
180,2026-04-06 19:00:00,101,652529.0,652596.0826624533,-67.08266245329287,67.08266245329287,0.010280410901782583
181,2026-04-06 21:00:00,101,653865.0,653972.148585229,-107.14858522894792,107.14858522894792,0.016386958352098357
182,2026-04-06 23:00:00,101,655394.0,655348.1977685306,45.80223146942444,45.80223146942444,0.006988503323104033
183,2026-04-07 01:00:00,101,656565.0,656724.2302125618,-159.23021256178617,159.23021256178617,0.024252010472959443
184,2026-04-06 19:00:00,102,1449524.0,1449652.5901854457,-128.59018544573337,128.59018544573337,0.008871200852537342
185,2026-04-06 21:00:00,102,1452566.0,1452806.177796299,-240.17779629910365,240.17779629910365,0.016534725189705918
186,2026-04-06 23:00:00,102,1456060.0,1455959.7628325622,100.23716743779369,100.23716743779369,0.006884137153537195
187,2026-04-07 01:00:00,102,1458808.0,1459113.3452942371,-305.34529423713684,305.34529423713684,0.020931150243016002
188,2026-04-06 19:00:00,103,1130341.0,1130410.2572274983,-69.25722749833949,69.25722749833949,0.006127109208490137
189,2026-04-06 21:00:00,103,1132968.0,1133076.5000539452,-108.50005394523032,108.50005394523032,0.009576621223655948
190,2026-04-06 23:00:00,103,1135926.0,1135742.7284794184,183.27152058156207,183.27152058156207,0.016134107378611113
191,2026-04-07 01:00:00,103,1138359.0,1138408.9425039955,-49.94250399549492,49.94250399549492,0.004387236714911105
192,2026-04-06 19:00:00,104,1026040.0,1026036.5667296477,3.433270352310501,3.433270352310501,0.0003346136946230655
193,2026-04-06 21:00:00,104,1028521.0,1028472.1205390703,48.87946092966013,48.87946092966013,0.00475240281235484
194,2026-04-06 23:00:00,104,1031289.0,1030907.6614283366,381.33857166336384,381.33857166336384,0.036976887338405026
195,2026-04-07 01:00:00,104,1033596.0,1033343.189397515,252.81060248496942,252.81060248496942,0.024459324773409476
196,2026-04-06 19:00:00,105,304367.0,304388.8044892447,-21.80448924470693,21.80448924470693,0.007163880855909783
197,2026-04-06 21:00:00,105,305024.0,305044.3894418176,-20.389441817591432,20.389441817591432,0.006684536894667775
198,2026-04-06 23:00:00,105,305777.0,305699.75493121054,77.24506878945976,77.24506878945976,0.025261896345853276
199,2026-04-07 01:00:00,105,306373.0,306354.90103089093,18.098969109065365,18.098969109065365,0.005907494821366558
200,2026-04-06 19:00:00,106,53260.0,53260.21436416788,-0.21436416787764756,0.21436416787764756,0.0004024862333414336
201,2026-04-06 21:00:00,106,53260.0,53260.42858840122,-0.4285884012206225,0.4285884012206225,0.000804709728164894
202,2026-04-06 23:00:00,106,53260.0,53260.64267279137,-0.6426727913712966,0.6426727913712966,0.0012066706559731443
203,2026-04-07 01:00:00,106,53260.0,53260.85661742962,-0.8566174296211102,0.8566174296211102,0.00160836918817332
204,2026-04-06 19:00:00,107,578379.0,578450.3770587401,-71.37705874012318,71.37705874012318,0.012340880070010007
205,2026-04-06 21:00:00,107,579618.0,579725.7037142046,-107.70371420460287,107.70371420460287,0.018581844284443007
206,2026-04-06 23:00:00,107,581003.0,581000.9799683853,2.0200316146947443,2.0200316146947443,0.0003476800661433322
207,2026-04-07 01:00:00,107,582198.0,582276.2058232742,-78.20582327421289,78.20582327421289,0.01343285673846576
